#Has been stemmed with perl Porter stemmer
> dtm3 <- removeSparseTerms(dtm, sparse=0.1)
> dtm3
A document-term matrix (158 documents, 61 terms)

Non-/sparse entries: 9157/481
Sparsity           : 5%
Maximal term length: 12 
Weighting          : term frequency (tf)
> dtm.mat3 <- as.matrix(dtm3)
> dtm.mat3
    Terms
Docs absent acknowledg addit analysi anterior basal base both charact clade
  V1     26          2     7       8       42     5   17    7      18     1
  V1     13          2    10       9       10    10   18    7       9     2
  V1     79          2    35      59      127    75  153   23     170    48
  V1      8          1     4      10        8    34   20    1      37     9
  V1      0          1     3       4        1     2    4    1       7     2
  V1      9          4     2      13        0     6   31    5      78    25
  V1     10          1     8       9        1     0    9    1      26     3
  V1     30          4     2      16       21    28   20   13      48     6
  V1     12          2     1       5        9    14   12    8      25     3
  V1     78          2     7       8       34    14   28   18      38     0
  V1     10          1     0      18        1     4    8    4      23     5
  V1     14          1     7       4       17     8    2    7      21     1
  V1      3          3    22       1        0     7   11   14      78    12
  V1     53          3    19      18       14     9   53   29     141    45
  V1      0          2     1       3        9     0    6    0       3     0
  V1      5          1     1       7       35     3    8    1      51     1
  V1      1          1     2      11        1     2    2    2      13     3
  V1     11          2     3      11       25     1   13    1       9     0
  V1      4          1     1       5        4     4    5    0      12     1
  V1     15          1     4       6       16     4   14    2      23     0
  V1     22          1    11       8        6    10   19   27      38    21
  V1      4          1     6      19       21     5   53   10      23    15
  V1     13          1     5       5        5     9    8    0      31     2
  V1      1          1     6       6        7     2    4    3      20     1
  V1     32          2     8      22        3     0    3    7      15     8
  V1     17          0    42      21      144    13   44   27      79     3
  V1     11          1     2       5       35     3   28    7      96     5
  V1      7          1     8      14        0     6    7    1      27     7
  V1      1          1     7      16        0     1    2    3      19    10
  V1      2          3    32      11        2    71  142    3      66     8
  V1      4          1     1      12       20    17   15    4      16     2
  V1     36          2    13      32        9     0   21   22     114   126
  V1      3          3    17       8        3    29   88    6      27     4
  V1    108          2    47      69       17    85   82   38     209    33
  V1     46          2    16      21       57   102  109   38      53    34
  V1      8          3     5      35       11     2   21    9     116     2
  V1      1          1     8      14        6     0   11    5      64    33
  V1     52          1     5      19       15     9   18    8      43    43
  V1      3          1     6      10        0    14   23    7      19     3
  V1     86          2     8      17      179    61  539   67      26    30
  V1     17          1     1       5       33    17   78    0      13    10
  V1      6          1     3      10        5     0    3    4      12     5
  V1      3          2     1       3       34    16   22    5      19     0
  V1     36          2     5      29       32    13   33   12      43     2
  V1     35          3    19       9      137    89   44    5      35     6
  V1     18          1     2      15        0     4    8    4      74    18
  V1      1          1     1       4        6     5    4    2      30     2
  V1      0          1     0       4        0     0    1    0       4     0
  V1      9          1     0       0       29    27   16    0      28     1
  V1     22          2     2      13       36     8   61   17      28    15
  V1      5          1     1       1        6     3   10    1       8     4
  V1      5          2     6      18       21    28   24    3      11     3
  V1      0          1     1      10        1     4    5    4      39     6
  V1      2          3     2       4       11     3    8    4      33     3
  V1     11          4     3      22       18     3   16    6      26    13
  V1     16          1     7       6       30    23   16    6      14     6
  V1     26          2    26       5       30     2   48    6      16     4
  V1      7          1     3       7       34    76   40    1      21     1
  V1      0          0     1       7        6     0    3    6      14     1
  V1     75          3     5      90       19    37   45   51     182    32
  V1      7          2     1      21       52     4   18    0      22    23
  V1     22          2     3       6      104    42   70    8      84    80
  V1      3          2    10       9       61    39   10    1      28    40
  V1      2          2    15      95        2    22   29   22     130    23
  V1     23          7    12      21       27    54   69   32      31     3
  V1     41          2    30      13      219   303  120   22      34    43
  V1    152          2    26       7      125   172   50   96     149    52
  V1    126          6    15     218      188    32   58   79     531   108
  V1      6          2     3       9       35     2   20    2       3     1
  V1     24          2     7      34       17    18   10    7      70     7
  V1     28          3    15      30       10    11   64   15      39     5
  V1     32          1     5      15       12    11    9    1      20     0
  V1      6          1     1       6       11    11    7   11      17    13
  V1    385          2     6      21       21    22   54   37      77     8
  V1      4          1     7      17        7     4    7   16      50     6
  V1     21          4     2       8        7     2   31   10      30     1
  V1     19          1    11      15        3     4   12    3      95    36
  V1     23          4     2      17       32     8    7    9      61     6
  V1      1          1     2      15        9     1   23    4      79     1
  V1     17          0     1       6       19     0    1    0      30     5
  V1     14          1     1      12        3     1    9    2      21     1
  V1     11          1     4      12        2     5   15   22      18     9
  V1     27          4    34       8        3    68   27   35     118    23
  V1     32          2    20      10       91   209   99   24      33     2
  V1      6          1     0      12        7     1    5    0      27     0
  V1     26          2    20       5       61    34  152    9     103     5
  V1      6          1     5      15        5     6    9    2      14     2
  V1     42          1     1       4       23    15   21    1      17     9
  V1      1          1     1       5        5     4   13    6       8     5
  V1     36          1     4       8       31    15   20    3      17    10
  V1      8          1     2      19       11    14   13    3      18    12
  V1      8          2     5       8        7    27   33   12      73    23
  V1     61          2     7       8       21     1   11    9      51     3
  V1     54          2     9      15       56     4   25   15      38    31
  V1      5          1     1       4        4    11    6    1      11     0
  V1     21          2    26      20      104    73   73   17      47    16
  V1     17          2   156      15       78    31   10   55      75     2
  V1     83          2    27      29       31    67   54   62     135    13
  V1      5          2     8      30       76    12   26   58      52     7
  V1      0          1     1      14        1     1    5    2      24     1
  V1     28          2     2      14       24    42   32    6     118    38
  V1      1          1     8      21       28    37   27    8      55     0
  V1      3          1     5       6       12     8    4    2      14     7
  V1     32          3    27      31        0    13   95   13     102     6
  V1      0          2     6       6        7     9   10    0      10     5
  V1      0          1     0       8        1    13   41    7      14     5
  V1      2          1     6       4        5     2    4    2       8     4
  V1     56          2    37      40      295   348   71   46      96    14
  V1    252          2    27      42      107    63  115   28     207    13
  V1     23          1     2      19       19     1   10   10      28    31
  V1      0          1     5      21        2     4   17    3      93     4
  V1     62          1     6      11       16     4    6    5      32    10
  V1      4          1     4       2        8     2    1    5      15     4
  V1      6          2    16      13       29     5   41    6      26    17
  V1      4          1     4      12        1     1    3    7      19     2
  V1     39          2     4      27       76   174   36    7      59    14
  V1     13          1    20      13        1     0   17    4      81    18
  V1     15          1     0      18        6    15   17   12      16    11
  V1     15          2     0      23        1     3   16    2      37     6
  V1     97          2     8       8       60    32   18   13      38     0
  V1    164          2     0       3      182   217   38   22      27     4
  V1     71          2    24      25       85    55   47   15      69    22
  V1      4          3     4      51        1     4    3   15     172     8
  V1     87          3    19      11       53    34   36    4      52     1
  V1      0          2     5      17        0     2   18   18     133    12
  V1      5          1     3       3        0     2    9    6      12     7
  V1      4          1     1      11       25    39   45    4      36     1
  V1     43          1     5       2       40    26   34    3      20     7
  V1     54          2     8     113       49    27   60   18      77    43
  V1     49          2    32       5       18   179   78   31      18     8
  V1      3          2     4      19      133     6   27   29      28    29
  V1     26          2     2       6       30    18   28    7      19    10
  V1      0          1     3      16        0     3   16    4      42    11
  V1      2          1     1      20        0     2    2    2      31    15
  V1      6          1     8       8       11    22   10   10      20     0
  V1     57          2     9      30       21    74   53   14      83     9
  V1      0          1     6      12        6    28   10    9      27    10
  V1     52          1     8       9       13    10    4    2      14    11
  V1     18          1     2       4       18    20   14    6      17    13
  V1     10          3     4      10        0     5    4    2      15    13
  V1      3          1     1       9        2     3   11    4      11     2
  V1    584          2    25      94       87  1097  263   35     156    15
  V1     12          3     5      17       43    76   11    6      52    18
  V1      5          1     2       6       18    14    6    5      19     1
  V1      4          1    11      12       29    30   59    4      32     0
  V1     18          1     3       9        5    32   31   21      26     1
  V1     24          3     9      14       73     6   37   25      24    41
  V1     75          2    13      27       72     6   41   15     231    69
  V1     96          3    30      31      542    72  200   28     183    24
  V1      8          2    14      27        0    17    6    8      69    12
  V1     19          1     5      15        7    13   15    4      32     4
  V1     70          2     3      17       33    15   15    2      26    46
  V1     14          2    11      13      272    15   69   22      32     6
  V1     24          1     3      39        5    16   18    3      53    33
  V1     43          2    13      24       23     4   50   24      39     8
  V1    215          2     5      19      232   216  247   35      97    25
  V1     16          2     4       9        3    66   62   20      67    20
  V1    353          2    23      20      136     2   19   15      93     1
    Terms
Docs cladiststem collect data describ descript differ distribut dorsal examin
  V1           4      33    3       7        9      8        18     72     15
  V1          12       2    4      10        0     23        14     46     24
  V1          24       7    3      21       32      7        25    181     67
  V1           1      24    6      11        8      2         7     40      9
  V1           3       1    1       2        1      3         4      4      1
  V1           6       9   30       6        3      5         2      0      5
  V1           0      12    3       6        1      0         1     24      3
  V1          15       2    9       5        7     14         2     23      0
  V1           4      11    5       1        0      6        11     32     12
  V1           1       5    3       8        9     20         3     28      8
  V1          16       2    4       0        1      2         4      1      1
  V1           3       2    7      20        8     13         5      0      2
  V1           1      13    2      13       29     29        39      0     32
  V1           8       4   18       8        6      9         3     31     44
  V1          15       3    2       4        2      4         3     12      1
  V1           2       3    3       5        9      5         3     36      9
  V1          10       3    4       4        1      3         0      1      1
  V1          12       0    2       2        7      3         6     16      2
  V1           5      12    2       4        2      0         4     13      3
  V1           2      15   10       2        3     15         2     46      2
  V1           8       3    5       6        0     18         8     25      8
  V1           6      10   13       3        9      8         5     54     10
  V1           2       4    0       5        2      1         2      1      0
  V1           1       4    1       4        2      4         8     15      1
  V1           4       2   12       1        0      1         1      7      5
  V1          26       6    9      15       22     29        10    126     30
  V1           4       3    6       8        6      4         2     68      2
  V1           2       3    3       8        3      3         9     14      3
  V1           7       0    6       3        0      2         0      0      0
  V1          14      19   43       9       22     29       120     18     10
  V1          26      11    3       4        3      8        15     11     12
  V1           3      15    8       9        3      5        18     48     14
  V1           9      19   31       8       19     18        84     22      6
  V1          29       8   18      20        4     14        10     29     10
  V1          22       9   14      16        6     43        27    115     50
  V1           2       4    8      11        5     12         2     59     18
  V1           9       2   12       4        1     12         5     36      9
  V1          11       1    8       9        2      5         6     14      4
  V1           0      17    2      10        6      4         6      3      5
  V1           5      36   91      30       70     28        45    523     88
  V1           4       7   10       5        6      1         5     63      3
  V1           4       6    1       7        5      7         0     18      0
  V1           2       7    2       9        6     10         9     19      9
  V1           4      11   24      15        5      9         5     78      6
  V1           3      30   10      46       30     15        37     53     23
  V1           0       0    2       2        1      1         0      7      1
  V1           0       3    0       2        1      0         1     12      5
  V1           4       6    1       3        2      5         3      2      3
  V1           0       8    2       2       19      7         1     11     17
  V1           2       6    5      12       22     14        11     21     11
  V1           7      10    4       8        7      1         5      9      1
  V1           1      17    6       6       14      1         7     54     10
  V1           1       2    4       3        3      0         1     10      2
  V1           8      10    5       7        4      4         5      6      3
  V1           3       3   10      19       20     19        13     47     15
  V1           4      12    4       2        3      0        13     37     12
  V1           2      28   11      15       25     19        21    154     25
  V1           5       5   10       9       11      2        16     53      2
  V1           4       0    2       5        3      0         0      1      4
  V1          14       3   71      30       17     19        16     24     30
  V1           2       0    4      11       13     21         2     73     42
  V1           7       1    2      15       20      4         7    148     12
  V1          16      10    8       1       10      7         1     68      8
  V1           3      17   35      12       14     34        22      7     10
  V1           3      18   31      11       26     13        67     51     40
  V1          20      16   13      31       31     14        54    370     52
  V1           7      37   36      33       25     54        90    710     15
  V1          27       9   96      77       24     97        13     93     77
  V1           4       5    9      17       13      8        45     80     20
  V1           5       3    8       6       26     13         1     60      8
  V1           2      50   30      54       27     26        71     33     52
  V1           9       5    2       4        1      3         9     12      3
  V1           6       5    6       5       10      4         5     13      3
  V1          14      26   24      32       32     44        69    248     89
  V1           4       8   33       5        5      7         9     18      3
  V1           7      17   12      14       24      9         9    100     22
  V1           3       9    9       2        1      4        37      7      5
  V1           3      12    2      17       21     11        16     90     12
  V1           2       4    2       4        8     18        14     15     11
  V1           2       1   11       1        3      4         3     11      3
  V1          12       0    3       6        1      2         0      0      4
  V1           2       0    5       4        4      8         4     73      0
  V1           8       2    8      11        9     25         1     82      3
  V1          16      17    3      45       34     64        19     98     29
  V1          11       6    4       5        1      0         2      1      0
  V1           1      44   12      33       40     13        24     53     27
  V1          14       1    5       4        5      0         7     18      1
  V1          10       7    1       2        7      2         2     21      1
  V1           1       8    1       8        6      3         4     20      2
  V1           6       6    3       8       18      6        14     31      5
  V1          14       1    3       2        4      6         1     34     10
  V1           5      36   14      16       17      6        15     31     25
  V1           6      16   11       9       39      4         2     58      5
  V1           7      10    8      10        3      6        14     59      6
  V1           9       2   35       0        6      1         3      4      2
  V1           8      36    8      13       15     34        57    103     35
  V1           4      26    6      20       57      5         7    211      4
  V1          32      43    4      49       23     69         5    184     22
  V1          21       3   11      12        5     35         3     38     14
  V1           7       1    4       5        4      2        10      5      7
  V1          37      15   17      17        4      5        26     33     18
  V1          12      15   15       9        8      9        15     32      6
  V1           2       8    4       3        1      6         3      6      1
  V1           6      23   69      46      242     86       103      0     18
  V1           3       1    7       5        0      2        14     14      0
  V1           3      10    3       3       10      6        17      9     15
  V1           3       2    4       1        2      9         0     12      0
  V1           4      37   34      39       24     69       127   1375     71
  V1           3      24   32      19       29     58        28    156     32
  V1          10       7    8       8        8     14         2      4      2
  V1           1       0    6       0        0      3         4     16      0
  V1           8       1    4       4       10      8         3     16      3
  V1           2       0    1       2        1     10         1     16      0
  V1          12      10   79       8       33      5        54     87      3
  V1           4       5    4       1        3      2         2     13      1
  V1          24      34   20      21       49     42        60    378    100
  V1          16       6   10       6        0      5        17      5      2
  V1           3       4    6       4        7     17         2      5      2
  V1          17       1    6       0        1      1         0      0      1
  V1           7      45    9      21       24     28        57     10     29
  V1          19       7    5      12       89     30        50    384     75
  V1           7      13    5      28       50     19        28    368     57
  V1          15       1   26       8        2     13         4      1      1
  V1          11      47    9      17       32      9        27     40     52
  V1           5       8  105       5        3     31        11      1     15
  V1           1       3    5       2        7      2         6      1      6
  V1           4       5    5       1       14      5        18     53      2
  V1           8       5    6       7       18      2         9     94      6
  V1           2      10   15      11        1     12        25     45     21
  V1           2      45   46      10       36      7        92     28     94
  V1           9       4   14      14        7     17         3     52      0
  V1           3      20    6       3        6      3        19      5      8
  V1           7       3    6       3        2      4         2      0     13
  V1           6       2   17       2        3      2        11      0      8
  V1           2       3    3      18        5     14         9     24      4
  V1          17      14   18      27       51     39        77    191    118
  V1           2       3   10       3        2      7         4     21      0
  V1           4       8    6       9       11      1        11     23      8
  V1           7      12    7       9        7      5         5     58      5
  V1          13       2   10       1        4      1        16     20      5
  V1          14       7    5       4        1      2         2      7      3
  V1          67      23    6      49       19     84       215    884     17
  V1          14       5    9      11       16      7        27    179     22
  V1           4       5    9       3        7      2        11     51      1
  V1           3       5    4       9       10      1        14     76     13
  V1           1       8    5       5       22     21        34     15     12
  V1           2      40   31      29       36     45        19    107     14
  V1           5       0    4       7       20      3        23    161      7
  V1          12      91   70      47      179     40       170    431    191
  V1          36       1   20       1        5     10         7      0      0
  V1          12       4    5       1        2      8        12     30      4
  V1           4      10    6      13       20      6        18     63     23
  V1           5      13    3      26        8     25         2     49      0
  V1          34       9    7       4        2     11         4     13      3
  V1           1      26   14       8       10     17        15     55     24
  V1           1      37   13      29       85     27        60    206     46
  V1           6      16   12      23        9     36        46     34      2
  V1           8      37   10      30       50     13        38    199      8
    Terms
Docs first follow form four gener genu group includ indic larg later length long
  V1     2     16    1    2     6    9     7      4     3    0    93    195    3
  V1     6      4    1    6     0   19     4     10     1    3    20     38   11
  V1    51     59   58   12    52  185   127    124    24   53   299     11   90
  V1     1      3    8    2     1   24    17      9     1    6    62     47   46
  V1     1      0    0    0     0    8     1      3     1    1     6      2    0
  V1     1      4    7    6     6    6    12      5     8    1     4      4   11
  V1     3      0   10    0     4    0    20      1     0    3     6     27    1
  V1     1      5    4    4     7    5    12     10     0    4    26     59   43
  V1    12      7    1    4     5   21     8      7     2    1    15     66   94
  V1    13      6    1    6     3   24    11     26     7   15    55     95  215
  V1     2      4    2    1     4   33    10      3     4    0     1      6    0
  V1     6      9   15   20    12   22    17     15     1   10    34      8   32
  V1     3      4   61    0     5    4     5     47     2   17     7     78   30
  V1    29     18    8    5    35   27    39     68     9   10    27     32   17
  V1     4      6    1   12     1    5    12      2     3    3     4      7   13
  V1     2      5   19    0     2   18    22     14     6    4    48      6    2
  V1     0      1    0    0     1    3     2      2     0    1     2      5    5
  V1     3      3    8    2     0   12     9      7     1    3    27      7   29
  V1     0      2    3    1     1    6    11     11     3   10    31     11   11
  V1    23      5    1   15     4   23     5      9     1   24    15     19   21
  V1     9     13    8    6     4   17    51     25     9    5    42     18   37
  V1    19      7   10   12     6    9    21     32     9    5    29     20   22
  V1    14      5   21    3     3    9    13      7     8    3     8     40   18
  V1     6      9    5    2     0   10     3      2     4    1     8     21    3
  V1     2      4    4    1     5    0     2     11     7    4     2      6    7
  V1     7     16   28    6    13    7    14     16    11   17    43     71   42
  V1    15     12   12   11     5   12    17      7     2   17    35     10   12
  V1     0      3    1    3     1    4    25      7     2    1    18     11   18
  V1     0      1    0    1     0    4    27     13     2    0     0      0    0
  V1    10     16    9    7    16   23    55     19     3   54   205    253  138
  V1    20      7    2    6     6   14     7     16     2    2    21     22   20
  V1     7     10    5    6    13    6    29     37    14    8    35     13    7
  V1    19     10    2    1     9   24    18     10     2   42   139    186   97
  V1    41     59   93   17    41   95   180    169    14   26    38     35   50
  V1     8     25   41    9     2   21    57     20    12   20   143     47  178
  V1     3     10   28    8    13   36    77     21     8    2    25     11   17
  V1     4     10    4    3     4    0    35     20     8    2    13      3    1
  V1     5     10   16   12     5   14    49     15     8    4    10     16    5
  V1     2      2    2    3    10   26    12     10     3   14    17     14    6
  V1    64     25   64   25    10   16   104     32    15   49   115    313   58
  V1    10      5    4    3     0   12     7     12     3    4    16     39   13
  V1     1      3    0    3     0   33     7      8     3    0     3     21   13
  V1     5      9    5    7     9    9     4      3     5   15    78      1   22
  V1     5     15    6    3     8   16     5      8     9   12   103     39   34
  V1    57     33    9   13     4    3    87     32     2   33    97    140   32
  V1     1      3    5    6     7    6    25     15     3    9     1      4    2
  V1     0      0    3    6     0    0     2      2     9    6    13      7    2
  V1     1      1    0    0     0    3     8      0     0    0    10      7    5
  V1    10     41    0    3     3    3     1      4     0    1    49     94    0
  V1    20     16    2   32     0   27    14     13     4    2    96     34   60
  V1     8      7    4    5     2    5     1      2     5    5     9     12    4
  V1     2     19    5    4     3    2     6      5     3    4    63     59   49
  V1     0      1    5    5     1    3     9      3    11    5    11      1    1
  V1    19      2    5    8     7   16     9      7     4    6    24     17    1
  V1     2     10   10    2     7   14     4     20     6    6    94     90   22
  V1     0     10    3    3     0    2    54     13     3   18    53     31   33
  V1    56     13    4   12    14   10    36     11     1   20    74     67    5
  V1     2     25    7    1     4   29    11      8     1    3    37     60   97
  V1     7      1    1    1     1   19    10      7     1    0     6      5    3
  V1    13     33   43   20    44   38   171     50     6   43    54     90   85
  V1    52     12   19    6     3   66    28      4     3   65    80    134  217
  V1    55     12   29    7     1   30    19     18     6   64    95     56   64
  V1     0      5    0    0     2   11     2      9     4   27    81     53   51
  V1    13      8   10   13   104   48   117     61    17   18    13      5    5
  V1     3      4   59   30    60   15    22     21     3   21    84    118  144
  V1    18     40  112   46    74   77    27     77    11   21   598   1219  851
  V1     6     24  314    4    81  138   322     21     5   89   789    296  373
  V1    38     37   73   11    41   10    28    149    24   67    97    155  105
  V1     4      5    3    2     4   65    14     16     0    9    17     46   45
  V1     3      6    2    6     9    7     7     11     4    7    83     10   37
  V1    16     20   24    5    38  124    24     32     5   42    64     18   11
  V1     5      4    3    5     3    9     4      8     0    2    22     11    6
  V1    11      7    4    1     5    8    10      6     1    0     9     10    9
  V1     8     21   27    8    21  160    29    173     8    2    93    288  817
  V1     1      7    4    5     6   23     7      3     0    9    15     14   14
  V1    18     15    4    2    34   30    12      6     7   13    34     85  117
  V1    10      6    0   14     3   20    48     10     3   12     1     12    8
  V1     3     10   18    8     4   21     0      2     4    1    36     22   63
  V1     1      9   17    4     2   21    65     16     5    4    20     11    9
  V1     4      1   13    2     4   23     3      5     2    9     7      6    1
  V1     1     14    2    7     3    6    26      4     1    8     6      6   13
  V1     8      3   68    2     6    0     0     16     4   17    88     31    6
  V1    25     14   35    2    12    0     5     30     2    5   106     26   23
  V1    38      4   19   40    27   47    99      3     1   75   210     85  274
  V1     1      7    0    0     3    9     4      5     2    1     3     21    5
  V1    14     23   17   12    18   27   106     31     7   47    75     99  143
  V1     0      2    1   10     0    9    15      3     0   11     9      4    1
  V1    11     10    7    0     3   21     4      5     3    2    13     27   15
  V1     4     13   10    1     0   15     2      7     3    4     5     19    2
  V1    16      9    6    5     8   15    11     11     0    3    15     29   18
  V1     3      4    2    3     2    6     6      6     1   18    17      3   13
  V1     0     12   13    2     7    6    30     15     7    9     6     14    7
  V1    28     39    4    2     6   11     1     14     2   12    43     42   22
  V1     5      7    0   11     5   38     8     10    10   14    80     30   19
  V1     1     10    2    3     1   12     4      1     1    0     8     25   62
  V1     7     22   34    4    19   79    25     18     2   27    54    107  349
  V1    84     82    3    1     1   38    19     21     5    2    15     53  135
  V1   296     17   23   93    26  160    43     23     3  106   131    107  285
  V1     6     21   56    4     5    9    36     23    11   41    67     10   59
  V1     8      1    1   10     1   13     6      4     2    0     7      5    8
  V1     7     14   29    4     9   28    12     28     2    2    34     20   15
  V1    13     13   12   11    10   14    31     13     1    3    55     32    8
  V1     1      6   10    1     1    3     0      7    12    2     7      0    0
  V1    23     10   17   21    15   65    34     27    28   28    14     31   24
  V1     6      4    4    6     3   12     8      6     2    3    19      5    1
  V1    26     14   34    2     2    6    20      5     2    4    17     11   44
  V1    12      1    8    1     0    1     2      5     1    4     6      9   10
  V1     6     25   63    2    15   35   267     51    15   26  1084    125  244
  V1   146     13  109    9    32  109    62     59    13   14   159    257  235
  V1     1      3    0    6     2   25    12      8     6    7     0     14    7
  V1     3      2    8    5     5   18    93     16     4    0    13     12   10
  V1    10      4    5    2     4    2     5     12     1    1    14      7   11
  V1    17      2   13    1     3    0     6      6     0    9    14      5   14
  V1    56      7    7    4     1   42    46     14     6   18    34    162  386
  V1     5      3    1    1     2    9     7      4     3    1     8     10    2
  V1     7     18   17    8    15   29    22     18    18  343    61     52   61
  V1     2     10   10    2     3   13    75     36     4   11     7     10   21
  V1     4      2    6   12     8   39    16      6     2    5    23     29   24
  V1     3      9    3    2     3   16    17     17     3   12     4     13   11
  V1     7     16   76    8     4   24   100      9    10   24    51     30    0
  V1     8     81   25    6    45   15    13     31     7  116   248    141   50
  V1     8     11   21   11     4   50    40     26    12   10   135     94   68
  V1     3      6    4   10     9   20    49      9     3    2     3      8    0
  V1     3      9   60    7     6   10    45     14     1    6    98    188   93
  V1     4      3    7   11    13    4     7     10     6    3     2      5    5
  V1     4      3    4    2     2   10     5      3     0    1    21      8    6
  V1    46      4    7    1     2    5    38     13     0   18   111     25   72
  V1     8     18    4    1     6   12     2      6     4    7    42     26   71
  V1    11     18   14    7    11   28    60     62     4   53    44     16   10
  V1     9     14   12    2    11   23    49      5    29   34    82     83   12
  V1    10     13   12    1     3   45    10     17    10   21    55     18   14
  V1     0      4   25    1     6   14    15      3     6   18     5     25   53
  V1     5     11    5    1     3    2     7     16     6    0     1      2    1
  V1     0      0    6    3     1    3     7      4    14    0     0     14    1
  V1     0      3    3    1     1   14    15     20     5    2    13     40   67
  V1   177     36   23  218    12   84    21     36     7   44    50    100  594
  V1     9      5   13    4     5    2     0     10     5   12     9     70    8
  V1     1      4    0    4     6   20    10      3     2    4     8     39   14
  V1     9     10    3    0    11   15    11      3     0    8    33     27   50
  V1     1      4    1    1     1    9     5      3     1    0    10     16    3
  V1    12      3    5    3     1   12    16      2     0    9     1     10   21
  V1    12     45   28   12   135  463    26    310     5  214   844    545  486
  V1     2     10    3   32     7   19    24     22     3    9    33     87   11
  V1     2      7    2   18     3    4     4      5     2   12    23     10    6
  V1     1      4    5    2     1   11     4      7     3   11    54     37   55
  V1     4      6   24   13    10   31    44     10     5   24     4     24   20
  V1    13     26   34   14     9    4   108     50    12   15    89    171   19
  V1    87     11   28   23     5   86    11     44     4    9   206      4   36
  V1   153     51   96   27    38   63   283     31    12   90   372    270  406
  V1     7     12    7    4    15   10    15     15     4    6     0     16    3
  V1     2      3    1    3     4    8    64     17     3    1    26     15    3
  V1     6      7    7    5    22   14    31     12     4   12    11     83   25
  V1    77      9   47   21    22   10    50     18     7   33   215    113   83
  V1     5     12   11    3     6   14    11     22     4    8    39     20   16
  V1     9     10    4    1     4   45    12     47     1    6     5     61   54
  V1    49     64   38   15    15   38    74     28     3   88   348    648  179
  V1     6     15   13   35     0   12   396     24     4   21    26     17   61
  V1    35     63   11    3     7   14    56     21     3    8   143     19   79
    Terms
Docs margin materi matrix morpholog number parsimonstem phylogstem posterior
  V1    116      3      1         3     10            2          5        67
  V1     10     11      2         0      2            2          1        12
  V1    193     31      4         6      9           19         55        91
  V1     31      7      1         7      3           11         12        15
  V1      4      1      1         0      3            0          3         2
  V1      0      3      1        17      9            2         42         6
  V1      3      0      2         1      2            1          8         4
  V1     26     16      4         7     15            6         20         9
  V1      0     16      2         1      3            2          6         7
  V1     21     21      3         1     13            5          8        44
  V1      3      4      3         8      5            2          8         2
  V1      5      7      2         9      8            2          6        69
  V1      0     34      1        35      7           12         19         0
  V1     18      3     10        24     13            4         29        17
  V1     29      1      2         1      7            3          3         8
  V1     32      4      0        12      7            1         13        19
  V1      1      4      3         2      0            3          8         0
  V1     13      2      1         1      1            4          3         9
  V1     23      3      3         1      6            3          4        15
  V1     15      2      2         9     25            7         10        17
  V1     15      5      2         9      5            3          6         1
  V1      9      6      2        25      7            9         18        29
  V1     23      2      5         0      1            2          6        18
  V1      4      5      2         0      6            6          7         7
  V1      5      1      1         3      0            3         21         2
  V1     50     17      3        19     23            4         14        97
  V1     14      3      3         5     18            8         11        52
  V1      1      3      3         1      5            3         12         0
  V1      0      4      5         1      8            4         14         0
  V1     18    101      3         6      5            5          7        11
  V1      5     14      1         2      5            6          2        33
  V1      8      5     14         8     11            5         30         4
  V1     12     69      3         5      1            4         10         5
  V1     41     10      6        27     35           12         50        16
  V1    260     47      2         9      5            4          6        41
  V1      4      4      2        27     12            9         18         2
  V1      3      1      0        54     14           13         30         4
  V1     19      2      3         5     14            7         30        27
  V1     21      1      3         1     10            1          6         0
  V1     94     59      3        43      5            6         17       196
  V1     17      7      1        11      4            3         12        34
  V1     10      2      1         7      2            2         11         5
  V1     47      9      5         5      2            4         10        32
  V1     39     14      4         8     10            0          5        25
  V1    162     20      2         1      4            4          8       106
  V1      0      3      2         5      6            7         16         3
  V1     15      1      0         2      3            2          8         7
  V1      3      5      2         4      0            2          3         0
  V1     46      1      1         4      3            1          3        15
  V1      0     33      2         4      8            5          7        82
  V1      3      3      0         1      8            5         11         7
  V1     45     11      1         1      5            5         17        22
  V1      0      2      0         5      5            0         10         0
  V1     22      3      0         9     13            2          3        20
  V1    186     26      6         1      8            2          2        65
  V1     54     12      4         2      1            4         10        27
  V1     34     60      1         6     16            2          9        24
  V1     50     14      3         2      5            2          5        22
  V1      1      0      0         1      2            4          2         4
  V1      2      4     11       106     18            8         38        10
  V1    125     45      5        26      8            2         23        31
  V1     49      5      2         5     12            8         11       143
  V1    101      9      6         7      8            6         31        52
  V1      7     16     39        61     19           20         68         1
  V1     88     25      4        21     10            5         17        29
  V1   1041     59      2        14     41            3         20       403
  V1    443     11      4        16     11            0          3       112
  V1    180     28     41        75     69           42         49       212
  V1     36     17      1        19     10            1          3        16
  V1     28     16      6         7      3            2          8        26
  V1     66     12      3        26      8            3         50         6
  V1     24      2      1         1     21            1         10        17
  V1      7      4      5         6      4            5          6         2
  V1     67     86      4        15     14           18         94       393
  V1      7      5      5        13      3            1         18        24
  V1    149     42      1         4      9            5          5         7
  V1      8      2      0         4     13            8         22         5
  V1     28     22      3         8      4           14          9        14
  V1     12      2      2        14      3            8         14         4
  V1      5      1      0         6      4            2          4         9
  V1     24      3      2         2      2            2          1         4
  V1     85      6     11         3      8            1         13         7
  V1     74     21     16        18     17            2         55         2
  V1    451     68      3         8     16            3         10       140
  V1     14      4      3         0      1            2          3         7
  V1    100     38      4        11     14            9         17        84
  V1      9      6      4         1      2            2          0         5
  V1     27      4      4         4      4            1          4        29
  V1      1      6      0         0      4            2          9         5
  V1     28      6      3         5      3            3         13        23
  V1     13      6      6         2      6            4          0        15
  V1     24      5      4        14      8            4          7        17
  V1     24     15      4        41     50            2          8        16
  V1     26     23      4        22      6            0         11        23
  V1      8      5      0         1      3            2          4        16
  V1    326     25      3         3      3           10          7       152
  V1    356     29      1        13    121            3         15        68
  V1    145     34      4         9     28            1         13       134
  V1    155      6      3        19     12           11         16       167
  V1      2      1      1         5      3            6         17         2
  V1     65     20      3        25      6            2          7        42
  V1     21      4      2         9      7           10         11        41
  V1     28      1      0         6      4            9          5        11
  V1    114     29      5        30     88            4         33         0
  V1     20      4      4         6      0            3          9        12
  V1      2     11      2         3      3            3         10         3
  V1      5      4      5         4      1            2          6         6
  V1   1173     67      3        19     31           23         27       415
  V1    177      6      8        72     20           20         48       162
  V1      0      3      5         6     11            0          8        11
  V1      9      1     11        31      8            8         31         1
  V1     15      3      5         8      6            2          6        12
  V1     11      3      1         4      1            1          5        15
  V1     17     51      0         4      7            1         12        74
  V1     19      3      3        19      3            6         14         2
  V1    201     97      9        13     20           12          0       120
  V1     10      3      8        32      5           10         24         0
  V1     27      7      1        30      5            1          5         6
  V1     15      3      4         8      3            4          7         2
  V1      2     21      3        18     25            3          8        28
  V1    353     54      4        48      9            0          1       228
  V1    169     58      4         8     16            6         13        29
  V1      0      3     18         8      8           16         67         5
  V1     34     43      2        12      9            0          7        62
  V1      0      2     29        93     13           13         18         0
  V1      0      5      2         4      0            3         18         2
  V1    113     19      3         2      8            0          6        21
  V1     38      7      6         3      2            2          5        42
  V1     46      3      3        40     13           13         72        39
  V1    303    101      2         1      2            2          6         8
  V1     29      9      9        10      3            3         20       111
  V1     22      8      3         9      1            5         12         7
  V1      0      2      3        24     11            5         24         0
  V1      0      4      6        13      7            3         13         1
  V1     14     12      2         1      7            9          3         5
  V1    408    152      5        15    102           18         23        52
  V1     11      1      0         8      6            3         12         4
  V1      1      9      1         5      4            2          6        13
  V1     23      8      4         6      6            2          3        21
  V1     16      3      4         3      2            2          2         8
  V1      9      9      1         5      0            1          2         7
  V1    613     10      2        13     25            3         94       103
  V1     95     23      5        12      6            7         15       105
  V1     32      6      6         4      4            3          7        20
  V1     38     11      2        10      4            4         17        14
  V1     59     18      3         7      3            2         13        14
  V1     76      4      1        59     43           10         66        74
  V1     24      7      2         6     28            7         91        69
  V1    261    164      2        45     15            3         28       461
  V1      0      3      0        13     14            8         28         1
  V1     93      6      1        10      6            3          4        37
  V1     11     25      4         7      5            2         13         4
  V1    212     30      4        25     15            5          5       320
  V1     35      2      7        11     12            6          4         5
  V1     14     21      4         6      6            5         17        15
  V1    649     68      3        16     33            4         72       242
  V1     43      4      6        31     22            7         16        14
  V1    186     35      2        21     43            1         18        73
    Terms
Docs present refer relationship repres result shape short similar slightli small
  V1      17     3            5      1      1     2    18       6        3     4
  V1      19     2            0      0      1     9    19       2        7     3
  V1      78    13           55     16     17    85    98      37       84    44
  V1       3     3            3      2      3     6    37       6        2     2
  V1       4     2            1      1      0     0     2       1        2     1
  V1      22     2           10     21      9     1     1       1        0     2
  V1      16     1            2      1      2     7     1       2        6     9
  V1      30     2            5      1      4    26    13      32       19     4
  V1      13     3            2      0      1    34     4       3       26     3
  V1      61     5            2      2      6    18    11       8       17    26
  V1       5     1            9      1      4     8     0       1        0     0
  V1      20     6            3     17      1    10    11      10        2    22
  V1      20     5           15      0      6     4     9      21        9    22
  V1      55    10           17     19     25    24     9       4        0     6
  V1       0     2            3      2      2     2     9       2        3    10
  V1      27     1           11     16      4    14     6       0        4    10
  V1       3     1            3      0      3     0     0       2        0     0
  V1      17     3            2      3      2     6     8       2        2     5
  V1       9     4            3      0      1     1     7       1        9    13
  V1      10     5           14      3      5     3    10       2       12    19
  V1      36     5           28      9     14    18    27      13        8     4
  V1      18     2           14      2      2     3    19       5       16    11
  V1      15     3            4      0      6     3    11       0       29     5
  V1       7     0            5      4      7     0     3       3        3     6
  V1      52     1           10      1     15     1     6       2        1     0
  V1      42     4            5      4     24    11    42      32       26    61
  V1      21     3            9      6      5     6     8       4        4     9
  V1      14     3            5      1      5     8    15       1        0     9
  V1       9     3            2      1      9     0     0       5        0     0
  V1       6    10            8      9      2    56    89      39       58   123
  V1       9     3            4      0      2     2    17       2        9     1
  V1      51     6            6      8     27    66     4       4       11    11
  V1       5     8            1      4      3    26    39      21       29    42
  V1     123    22           69     40     24    50    19      44        3    20
  V1      47     9           29      2     10    25    60      32      224    29
  V1      18     6            4      8     10     8     8      11        4     9
  V1       2     8           13     14     15     0     0       8        1     0
  V1      60     1           27     10     18    13     0       2        0     2
  V1       1     2            5      3      5    11     2       0        2     6
  V1      31     2            5     10      7    30   102      28       98    76
  V1       8     2            5      1      1     1    10       4       10    18
  V1       9     2            3      6      3     5    14       7        0     1
  V1      14     5            3      1      0    12     8       5       17    15
  V1      46     4            5     13      5    18     7      14       11     3
  V1      30    14            3      7      0    12    21      16       24    61
  V1      33     3           11      3      2     1     4       1        0     6
  V1       3     2            3      0      4     1     3       1        4     4
  V1       3     1            1      2      2     2     3       3        0     0
  V1      13     1            1      1      2     7     3       0        6    21
  V1      56     3            4      4      5    14    21      15       26    15
  V1       7     4            9      4      3     3     3       0        2     7
  V1       5     5            2      7      3     6    19       5       15     9
  V1       6     2            5      1      4     1     0       1        2     2
  V1       3     3            6      3      0    14    19       2        4     8
  V1      14     8            6      4      5     5    20       9        6     7
  V1      32     4            3      2      2    13    19       2       13     0
  V1      52    10           12      4      2    11     1      23        6    12
  V1      16     8            4      2      1     3   128       1       53     9
  V1       2     0            1      0      2     2     0       2        1     1
  V1     172     5           41     21     10    51    54      28        9    35
  V1      20     2            1     11      8    81    95      13       74    45
  V1      46     0           35      8      7    12    39       8       36    36
  V1      18     3            1      9      3    35    19      18      164    51
  V1      26     7           28     31     47     1     6       7        2     3
  V1      43     7           23      4      6    13   164      25       25    26
  V1     118    15            8     27     11   111   334      73      228    48
  V1     380    18            1     57      8   148   337      59      305   186
  V1     232    50           73     42     68    54    45      35       12    44
  V1      12     3            3      6      2    26    60       6        5    46
  V1      54     3            6      9      8     6     2       7       10     4
  V1      42     8            7     16     11    10    25      20       21    17
  V1      25     3            6      1      3     3     3       4       15     5
  V1       7     3            6      4      5     3     4       2        2     1
  V1     362    14           12     52      3    42    80      16       46    47
  V1      16     2            4      3      8    13    12       6        3     7
  V1      32     6            2      5      2    42    36      34       24    25
  V1      22     1            5      2      3     1     1       8        2     2
  V1      30     6           13      2      7    14    19      10       11    21
  V1      11     2            8      6      2    13     1      18       13    10
  V1      31     2            6      1      0     3     7       0        0     7
  V1      26     1            0      1      1     3     5       2        4     3
  V1      51    12            5     18      9    10    18      12       19    30
  V1      57     8           11     16     30    15    17      28       16     2
  V1      44    15            1      7     13    48   185      38       62   147
  V1      14     2            4      5      5     4     4       6        4     6
  V1      40    23           11     24      5    97   125      47       86    77
  V1      13     2            6      1      3     0     0       0        1    10
  V1      20     3            6      6      3    30    13       2       22     6
  V1       5     0           10      3      0     0     0       0        4     8
  V1      25     2            2      9      5    25    15       7       32     3
  V1      11     2           10      3      2     3     7       1        8    11
  V1      20     6            6      1      2    18    10       9        8    25
  V1      59     8            4     17      4    28    38      15        8     4
  V1      50     2            2      2      4    32    13       6       30    35
  V1       6     3            8      0      2     5     6       6        5     3
  V1      16     5            2      4     10    76    91      67       76    43
  V1     116     3            8     10      2    59    69       8       16     9
  V1      95     8            4     95      9     5    77      62       67   163
  V1      19     7           23     29     10   141    69      16       71    34
  V1       4     1           10      1      3     0     4       1        2     1
  V1      43     3            8      6     16     5    10       9        4     0
  V1      12     3           14      7      9    19     3       9        4     6
  V1      13     4            2      3      3     1     1       0        6     9
  V1      57    16            5      7     13    85     3      26       33    26
  V1       8     2            1      0      5     2     0       4        1     3
  V1      10     2            0      1      4     5     7       2       25    23
  V1      12     5            6      6      5     1     1       3        5    11
  V1      79    15           12      7     27   186   144      78      165    94
  V1     264    11           20     17     20    52   118      29       47    36
  V1      26     3            4      2      6    25    12      10        4     9
  V1      10     1            4      4      5     8     3       3        4     2
  V1      43     5            3      1      5     5    20       4       10     7
  V1      21     5            2      5      2     5     6       4        3    10
  V1      10    20            9      2      9    10    23      72      144    14
  V1       5     2            9      2      7     8     5       7        8     1
  V1      35    27            9      1     11    33   150     112      211   270
  V1      11     3            8      3      7     7     7       6       21     9
  V1      18     1            6      3      1    12    18      21        2     7
  V1      28     2           12      2      5     3     3       0        2     2
  V1      61     4            5      3      6    33     1      14       27    43
  V1      65     4            1     26      4    66    42      80       39   101
  V1     130     9           11      6      1    46    47       5        9    17
  V1      20     4            7      3      9     5     0       2        2     1
  V1     103     5           14      1      7    35    74       5       23     4
  V1       9     5           17      1     20     1     0       1        1     0
  V1      19     2            1      3      3     4     6       2        3     9
  V1       7    11            3      5      1    31   158       3       42    35
  V1      13     3            2      3      7     6     7       6       20     6
  V1      85     6           17     15     33    31    10      18       13    16
  V1      20    35            1      6      3    61    19       5       88    48
  V1      28    10           13     11     10    22    10       7       14     4
  V1      48     5            6      4      2    18    27       6       12    23
  V1      16     1           15      4      4     1     0       3        0     3
  V1       5     2            4      1     13     1     1       6        1     3
  V1      12     3            0      0      5     1     3       1        5     7
  V1      80     6            3     26     16    13   276      54       24    43
  V1       5     1           12      8      2    13    26      18       18     7
  V1      55     5            3      1      2     8    26       3       16     8
  V1      11     7            3     11      6     0    13       7       27    13
  V1      12     1            6      0      4     4     1       0       11     6
  V1      20     1            3      2      1     2     6       5        2    14
  V1     281    36           92     25      7   165   174     129       14   195
  V1      14     7           13     10     13    18    10       4       19   153
  V1      14     4            7      1      2    10    10       1        5    12
  V1       2     8            2     10      4     4     3       2       34    48
  V1      20     1            3      3      1    23    11      21       27    49
  V1      35     8           14      8     14    33     9      17       17    35
  V1     105     0           24      0      4    24    15       6        1    20
  V1      53    70           19    193     14   141   123      70      129    69
  V1      21     2           14     10      7     3     4      11        2     1
  V1      32     1            9      6     16    16     1       3       16     4
  V1      76     6            2      2      2    22     9      12        3    17
  V1      44     2            9     12      6    49   112      55      117    75
  V1      23     4            6      5      5    17     5       1       22     9
  V1      80     9            6      3     14    37    29       7       12     3
  V1     290    35           17      2     23    82   171      18      116   145
  V1      14     2           21      8      7    54    31      52       25    53
  V1     325    11           14      5      7    55    19      10        5     9
    Terms
Docs speci specimen state studi support tabl three tree type ventral without
  V1    22       38    46     4       4    3     1    8   34     100       1
  V1    95        5    11     2       1   12    11    5   27      23      30
  V1   361       26    24    37      60    1    18   15  106     156      36
  V1    20       21    12     4      11    0     9   12    1      54      20
  V1    20        7     3     0       2    2     0    4    2      10       3
  V1    19        7    19    25       6   17     7   31   20       8       1
  V1    21        9     6     4       7    5     2    2    3       5       1
  V1    28        7    14    25       4    1     8    1    5      25      28
  V1    47       14    15     6       6    6     2   13   15      30      18
  V1    51       16    11     0       9   18     6   12   14      23      35
  V1    39        5     6     8       5   10     3    4    4       0       2
  V1    92        9     6    10      15    2    28   12   10       0      35
  V1   143       56    10    21       3    6     8   19   23       0      14
  V1   143       17    69    45      25   78     8   17   64      66       9
  V1    35        2     1     1       2    2    10    0    1      11       1
  V1    30        8     8     7       9    5     0    0    1      16       6
  V1    25        6     4     4       1    2     0    1    2       2       0
  V1    28        4     5     4       3    2     3    3    5      11      14
  V1    35        9     4     0       0    3     6    4    2      15      12
  V1    49       27     8     3       1    3    14   13    8      28       0
  V1    36        8    30    27      14    7     4    5    5       5      18
  V1    34        9     8    24      20    5    10    5   17      31       9
  V1    10        1    10     3       0    6     7    4    2       1       2
  V1    37        9     4     2       7    5     6    9    4       4       1
  V1     4        2     2    17      11    0     6    2    1       1       1
  V1   152       53    36    35      14    3    13    5   25     139       3
  V1    55       22    74     8      15    4     9   19    2      31       2
  V1    47        2     3     0       8    5     3    6    1       6       1
  V1     0        0     3     4       1    2     0    2    1       0       4
  V1   120       11    54    13      12    7    28    6  138      48     162
  V1    53        7     3     4       2    0     4    3   21       8      24
  V1   195       15   185    17      19   24    16   30    6      48       4
  V1    92        9    10    13       5    2    12    4   81      40     110
  V1    58       15   113    54      90   11    35   69   31      54       3
  V1   101       23    45    37      27    8    21    6   77      51      60
  V1   101        5    31    32      15   24    12   38   14      69       0
  V1    41        8    45     8      35   45     7   27    2      24       3
  V1    30        8     8     8      27    5    20   25    1      15       2
  V1    33       13     3     4       7    2     7    8   15      24      12
  V1   236       57    10    23      32   48    70    6   61     239      38
  V1    22        3     7     7       4    5     8    2    9      20       7
  V1    26        1     0     3       1    3     2    2    4       6       9
  V1    44       10     8     5       3    5     2    0   12      17      11
  V1    61       32    16     4      12    6     5   19   37      38       7
  V1   114       47    23     2       9    3    20    9   10      69      15
  V1     5        0     9    21      25   11     5   21    4       8      21
  V1    19        7    17     3       8    0     3    5    4       4       3
  V1    14        1     0     1       0    0     2    8    0       5       1
  V1    58       28     8     1       1    5     9    7    0      11       6
  V1    44       28     4     8       7    8    19    8   44      32     110
  V1    30        4     8     3       6    4     9    3    4      13       0
  V1    51       14     2     2      10    3     3    6   12      53       8
  V1    45        6    22     8      15    0     4   13   19       6       7
  V1    20       26     6     6       6    9     8    0   10      14       2
  V1   121       28     2     6       6    9     3    7   58      15      29
  V1    71        7    36     1       5    3     6    4   20      98       7
  V1   217       75     4     8       8   35    30    8   39      13      23
  V1    63       10    11     3       1    4    11    1   16      84      25
  V1    11        1     2     1       0    0     6    9    0       1       2
  V1   189       29    33    82      65    7    20   25   21      21       4
  V1    91        2     0     3       8    4    17   10    0      48      12
  V1    86       44   142    16      13    6    20    3   13      92      18
  V1    53        7    15     1       8    3     8    4    3      56      27
  V1   109        9    24    32      52   21    16  106   17       3       7
  V1   160       50     9    10      11   30    34   10   44      23       4
  V1   453       26    26    39      13    7   131    8   32     371     399
  V1   946       27    47    15      12    9     4    4  423     494      67
  V1    22      120   179    54      58   16    47  111   12     117      10
  V1   110       11     3    10       2    5     8    3   13      67      13
  V1    29       25    52     2      11    3     8   12   17      36       1
  V1   299      119    47    10      19    7    12   13  138      28      19
  V1    37       12     3     0       2    3    10    8    3      12       3
  V1    27       13     3     3       5    7     1   14    1      13       5
  V1   263       64    23    12      14   61    25   42  221     545      84
  V1    32        7     7     3       5    0     6   19    6       9       3
  V1    64       27    11    15       7    7    15    9   26      47      41
  V1   123        1    11     9      23   20    15   34    0       7      11
  V1    72       30     9     2      11    2    10   29   25      44      29
  V1    82       16     5     7      15    5    11   17   10      11       4
  V1    30        3    20     1       3    4     1    3    3      10       2
  V1    29        1     7     6       7    3    12    6    1       2      10
  V1     3       53     2     2      19    1    10   12    2      75       1
  V1    19       13    16     8      30    3    23    7    2      53       0
  V1   179       17    17    27       7    7    48   16   84      88      42
  V1    27        2    17     3       5    3     1    2    1       0       2
  V1   289       51    22     6       0    2    38   11   43      67      39
  V1    22        0     3     1       4    7    12    8    2      17       0
  V1    16       11     4     6       3    9     4   12    3      13      10
  V1    25        8     4     1       5    2     0    9    5      16       1
  V1    48        9    11     4       4    8     4   15    2      22      10
  V1    12        6     7     1      24    6    23   10    6      31      13
  V1    71       27    28     4      22   19    14   22   12      19       2
  V1   111       32    11    65       5   72     5    9    0      16       6
  V1    43        8    19    11      13    6    17   34   25      47       9
  V1    18        5     6     7       4    3     0    3    6      10      11
  V1   210       70     8     8       6    5    21   31   19      15      55
  V1   133       16    14    57      10  194     7    9    0      66      16
  V1   272       26    24    29       7   28   198    9   57     111     129
  V1    28        2    25    27      10   19    14   13   27      47      11
  V1    36        9     5     7       3    2     2    6    3       7       4
  V1   113       14    28    22      18    2    22    3   33      36       6
  V1    60       18    85    11      16    0    14   12    4      35      20
  V1    10       17     5     2       6   10     0    9    3      22       0
  V1   362      319    25    35       9   37    14   18   46       0      37
  V1    33        3    11     5       5    0     5    5    2      11       9
  V1    44       12     3     1       7    2    10    6   25       0      39
  V1     2       12     1     3       8    0     1    5    4       6       0
  V1   734       85    47    21      22    1     1   38   86    1027     116
  V1   383       47    65    23      58   12    80   21   80     183     157
  V1    70        7     9     4      20    0     8   35   10       5       6
  V1    65        2    50     3      23    2    10   15    2      10       4
  V1    13        3     1     5      14   12     5    5    0      19       8
  V1     0        3     5     1       2    0     3    3    3       4       0
  V1   184      102     3    15      19    6    14    5   60     125      47
  V1    33        2     5     4       6    7     2    5    4       1       4
  V1   188       45    55    10      15   18    14   31  151     550     174
  V1   133        9    10    17      20   17     4   16   17       1       0
  V1    49        8     8    13       8    4    13    7    8      12       8
  V1    17        2    19     6      12    3     8   10    1       2      10
  V1   181       56    16     5       9    4    32   17   28      41       2
  V1   130      145    10     4       4    9     3    5    6     121      93
  V1   152       68    15    33       7    4    22   10  119     256       9
  V1    87       13    31    18      36   13     6   29    0       1       1
  V1   114       66    19    19      13    3     4   25   47       3      53
  V1    14       13    14    28      36   15    11   20    6       0       5
  V1    37       16     4     4       4    2     2    3   31      19       4
  V1    38        6    22     3       5    3     2    6   27      48      14
  V1    40        9     3     4       3   11     4   14    1      24      28
  V1    93       21    49    23      55   46    20   22    7      21      20
  V1   210      133    91     4       3    5    27    7   93      54      70
  V1    20       14    21     2      18   10     4    7    2      19       2
  V1    57       16     5     4       8    4     9    8    9       0      17
  V1    22        7     9    23      20    5     6   12    1       3       0
  V1    18        5    10    18      11    8     2   10    9       0       0
  V1    47        4    22     0       2    8     3    8   13       7      14
  V1   205       28     9    34      30   10   327   41  179     249      84
  V1     5       10    15     7      16    5     4    5    0       8       0
  V1    49        9     0    11      13    6    23    2    6      41       1
  V1    29       19     7     4      15   12     7   16    5      27       8
  V1    11        4     5     1       7    4     2    5    3      13       6
  V1    23        7     4     0       3    2     5    0    7      10       4
  V1   614       65    12    17     106    5    84   32  172     519      69
  V1    83        9    29    18      42    3    56   10   21      99      19
  V1    45        3    20     3       3    2    27    7    9      38       6
  V1    29       28     3     7       6    1     4    6   13      40      21
  V1    96       19     0    10       4    0    11   15   28       2      30
  V1   190       42     3    42      31   41    20   22   11     109       6
  V1    46        4     0    25      86    6    26   10   25     109       2
  V1   368       33   233    16      39    6    53   23  144     282      29
  V1    38        5    29    12      16   28     9   13    1       0       4
  V1    88        3     6    15      10   11    12   18    0      36      13
  V1   111        8     1     4      18   13    29   10   15      73       8
  V1   148      108     9     1      19    8    15    4    6      51       5
  V1    28       14    24    11      53   13     5   15   11      22      13
  V1   144       31    13    32      18   33    11   11   77       9      10
  V1   419       77    47    25      59    5    33   12   39     185     117
  V1   535       20     7    23       9    6    35    6    5     175      53
  V1   225       55     7    21      15  148    11    4    1     114      54
